0
2 2 0 0 
0 0 0 0 
0 0 0 0 
0 0 0 0 
4
2 0 0 4 
0 0 0 0 
0 0 0 0 
0 0 0 0 
4
0 0 0 0 
0 0 0 0 
0 0 2 0 
2 0 0 4 
4
0 0 0 0 
2 0 0 0 
2 0 0 0 
2 4 0 0 
8
2 0 0 0 
0 0 0 0 
2 0 0 0 
4 4 0 0 
16
0 0 0 2 
4 0 0 0 
0 0 0 2 
0 0 0 8 
20
0 0 0 0 
0 0 0 0 
0 0 0 4 
4 2 0 8 
20
0 0 0 0 
0 0 0 0 
0 0 0 4 
2 4 2 8 
20
2 4 2 4 
0 0 0 8 
2 0 0 0 
0 0 0 0 
24
4 4 2 4 
4 0 0 8 
0 0 0 0 
0 0 0 0 
32
0 8 2 4 
0 0 4 8 
0 0 0 0 
0 0 0 2 
32
0 8 2 4 
2 0 4 8 
0 0 0 2 
0 0 0 0 
32
2 8 2 4 
2 0 4 8 
0 0 0 2 
0 0 0 0 
36
4 8 2 4 
0 2 4 8 
0 0 0 2 
0 0 0 0 
36
4 8 2 4 
0 2 4 8 
2 0 0 2 
0 0 0 0 
40
4 8 2 4 
2 4 8 0 
4 0 0 0 
2 0 0 0 
40
4 8 2 4 
2 4 8 0 
4 0 2 0 
2 0 0 0 
40
4 0 2 0 
2 0 2 0 
4 8 8 0 
2 4 2 4 
60
0 0 4 2 
0 0 4 4 
0 0 4 16 
2 4 2 4 
68
4 2 0 0 
8 2 0 0 
4 16 0 0 
2 4 2 4 
72
4 0 0 2 
8 4 0 0 
4 16 0 0 
2 4 2 4 
72
4 0 4 2 
0 0 8 4 
0 0 4 16 
2 4 2 4 
80
8 2 0 0 
8 4 0 2 
4 16 0 0 
2 4 2 4 
96
16 2 2 2 
4 4 2 4 
2 16 0 0 
0 4 0 0 
108
0 16 2 4 
0 8 2 4 
0 2 2 16 
0 0 0 4 
120
0 0 0 2 
0 16 0 8 
0 8 2 16 
0 2 4 4 
128
2 0 0 0 
16 8 0 0 
8 2 16 2 
2 8 0 0 
128
0 0 2 2 
0 0 16 8 
8 2 16 2 
0 0 2 8 
160
0 0 0 2 
0 0 2 8 
0 2 32 2 
8 2 2 8 
164
0 0 0 2 
0 0 2 8 
0 2 32 2 
8 4 2 8 
164
2 4 0 0 
2 8 0 0 
2 32 2 0 
8 4 2 8 
172
0 4 0 0 
2 8 0 2 
4 32 0 0 
8 4 4 8 
180
0 0 0 4 
0 2 8 2 
0 0 4 32 
2 8 8 8 
196
4 0 0 0 
2 8 2 0 
4 32 0 4 
2 16 8 0 
196
0 0 0 4 
4 2 8 2 
0 4 32 4 
0 2 16 8 
196
4 0 0 2 
4 2 8 2 
4 32 4 0 
2 16 8 0 
208
8 2 8 4 
4 32 4 0 
2 16 8 0 
0 0 0 2 
208
4 0 0 0 
8 2 8 0 
4 32 4 4 
2 16 8 2 
216
2 0 0 4 
0 8 2 8 
0 4 32 8 
2 16 8 2 
236
4 8 2 4 
0 4 32 16 
0 16 8 2 
0 0 2 0 
236
4 8 2 4 
0 4 32 16 
0 16 8 2 
0 0 2 2 
240
4 8 2 4 
4 32 16 0 
16 8 2 0 
4 0 2 0 
252
0 0 0 0 
8 8 2 0 
16 32 16 2 
4 8 4 4 
276
2 0 0 0 
0 0 16 2 
16 32 16 2 
0 4 8 8 
312
2 32 32 4 
16 4 8 8 
0 0 0 2 
0 0 0 0 
392
2 64 4 0 
16 4 16 0 
2 0 0 2 
0 0 0 0 
396
2 64 4 0 
16 4 16 0 
4 0 0 0 
0 0 0 2 
396
2 64 4 2 
16 4 16 0 
4 0 0 4 
0 0 0 0 
404
2 64 4 2 
16 4 16 0 
8 0 0 0 
0 0 0 2 
408
0 0 0 0 
2 0 2 0 
16 64 4 0 
8 4 16 4 
412
0 0 0 0 
4 0 0 4 
0 16 64 4 
8 4 16 4 
420
4 16 64 8 
8 4 16 4 
0 0 0 0 
0 0 2 0 
420
4 16 64 8 
8 4 16 4 
0 0 2 2 
0 0 0 0 
424
4 16 64 8 
8 4 16 4 
0 0 0 4 
0 2 0 0 
432
0 2 0 0 
0 16 0 0 
4 4 64 8 
8 2 16 8 
448
0 2 0 0 
0 16 2 0 
4 4 64 0 
8 2 16 16 
488
0 0 0 2 
2 0 16 2 
0 0 8 64 
0 8 2 32 
492
0 0 0 0 
0 0 16 4 
4 0 8 64 
2 8 2 32 
492
0 0 0 2 
16 4 0 0 
4 8 64 0 
2 8 2 32 
508
0 0 0 0 
16 2 0 0 
4 4 64 2 
2 16 2 32 
516
0 0 2 0 
0 0 16 2 
0 8 64 2 
2 16 2 32 
520
2 8 2 4 
0 16 16 32 
0 0 64 0 
0 2 2 0 
556
2 8 2 4 
0 0 32 32 
0 0 0 64 
2 0 0 4 
620
2 8 2 4 
64 0 0 2 
64 0 0 0 
2 4 0 0 
748
0 0 0 0 
2 2 0 0 
128 8 0 4 
2 4 2 2 
756
0 0 0 0 
0 0 0 4 
0 128 8 4 
2 2 4 4 
768
0 2 0 0 
4 0 0 0 
128 8 4 0 
4 8 0 0 
784
4 2 4 0 
128 16 2 0 
4 0 0 0 
0 0 0 0 
784
4 2 4 0 
128 16 2 0 
4 0 0 0 
0 0 2 0 
788
0 0 0 2 
4 0 0 0 
128 2 4 0 
4 16 4 0 
796
4 2 8 2 
128 16 0 0 
4 0 0 0 
0 0 2 0 
796
4 2 8 2 
128 16 0 0 
4 0 0 4 
2 0 0 0 
804
4 2 8 2 
0 2 128 16 
0 0 0 8 
0 0 0 2 
808
4 4 8 2 
0 0 128 16 
0 0 2 8 
0 0 0 2 
816
8 8 2 0 
128 16 0 0 
2 8 0 0 
2 0 2 0 
836
16 2 0 0 
128 16 2 0 
2 8 0 0 
4 0 0 0 
836
16 0 0 0 
128 2 0 2 
2 16 0 0 
4 8 2 0 
840
16 0 0 0 
128 4 0 0 
2 16 2 0 
4 8 2 0 
844
16 4 4 2 
128 16 0 0 
2 8 0 0 
4 0 0 0 
852
16 8 2 0 
128 16 0 0 
2 8 0 0 
4 0 2 0 
856
16 8 4 0 
128 16 2 0 
2 8 0 0 
4 0 0 0 
856
16 0 0 2 
128 8 0 0 
2 16 4 0 
4 8 2 0 
856
16 2 0 0 
128 8 0 0 
2 16 4 2 
4 8 2 0 
856
0 0 16 2 
0 2 128 8 
2 16 4 2 
0 4 8 2 
860
2 2 16 2 
0 16 128 8 
0 4 4 4 
0 0 8 4 
872
4 16 2 0 
16 128 8 0 
8 4 2 0 
8 4 0 0 
896
0 0 0 0 
4 16 2 2 
16 128 8 0 
16 8 2 0 
928
4 16 2 2 
32 128 8 0 
0 8 2 0 
0 0 2 0 
932
0 4 16 4 
0 32 128 8 
0 2 8 2 
0 0 0 2 
936
2 4 16 4 
0 32 128 8 
0 2 8 4 
0 0 0 0 
936
0 0 0 0 
0 4 16 4 
2 32 128 8 
2 2 8 4 
940
0 0 0 2 
0 4 16 4 
0 32 128 8 
4 2 8 4 
940
4 4 16 2 
0 32 128 4 
0 2 8 8 
0 0 2 4 
964
0 8 16 2 
0 32 128 4 
0 0 2 16 
4 0 2 4 
968
4 8 16 2 
0 32 128 4 
0 0 4 16 
2 0 0 4 
968
4 8 16 2 
0 32 128 4 
0 0 4 16 
2 0 2 4 
972
4 8 16 2 
32 128 4 0 
4 16 2 0 
4 4 0 0 
980
4 8 16 2 
32 128 4 0 
4 16 2 0 
8 2 0 0 
980
4 8 16 2 
0 32 128 4 
4 4 16 2 
0 0 8 2 
992
8 8 16 2 
0 32 128 4 
0 4 16 4 
2 0 8 0 
1008
16 16 2 2 
32 128 4 0 
4 16 4 0 
2 8 0 0 
1044
0 0 32 4 
0 32 128 4 
0 4 16 4 
0 2 2 8 
1052
0 0 32 0 
0 32 128 4 
0 4 16 8 
2 2 2 8 
1068
2 32 32 4 
0 4 128 16 
0 2 16 0 
0 0 2 2 
1136
2 64 4 0 
4 128 16 2 
2 16 0 0 
4 0 0 0 
1136
2 0 0 2 
4 64 0 0 
2 128 4 0 
4 16 16 2 
1172
0 0 0 4 
0 0 4 64 
0 2 128 4 
4 4 32 2 
1180
4 0 0 0 
4 64 0 2 
2 128 4 0 
8 32 2 0 
1188
2 0 0 0 
8 64 0 0 
2 128 4 0 
8 32 2 2 
1192
2 0 0 0 
8 64 2 0 
2 128 4 0 
8 32 4 0 
1200
2 0 0 0 
8 64 0 0 
2 128 2 2 
8 32 8 0 
1204
0 2 0 2 
0 0 8 64 
0 2 128 4 
0 8 32 8 
1208
2 0 0 2 
0 0 8 64 
0 4 128 4 
0 8 32 8 
1212
4 0 0 0 
8 64 0 0 
4 128 4 2 
8 32 8 0 
1212
0 0 0 4 
0 2 8 64 
4 128 4 2 
0 8 32 8 
1212
0 0 0 4 
2 2 8 64 
0 128 4 2 
4 8 32 8 
1216
0 0 0 4 
2 4 8 64 
0 128 4 2 
4 8 32 8 
1216
4 0 0 0 
2 4 8 64 
128 4 2 2 
4 8 32 8 
1224
4 8 8 64 
2 8 2 2 
128 0 32 8 
4 0 2 0 
1244
0 4 16 64 
0 2 8 4 
0 128 32 8 
0 2 4 2 
1244
0 4 16 64 
0 2 8 4 
2 128 32 8 
0 2 4 2 
1244
2 4 16 64 
0 2 8 4 
0 128 32 8 
2 2 4 2 
1248
2 4 16 64 
0 2 8 4 
0 128 32 8 
2 4 4 2 
1256
2 4 16 64 
0 2 8 4 
0 128 32 8 
2 2 8 2 
1260
2 4 16 64 
0 2 8 4 
0 128 32 8 
2 4 8 2 
1264
4 4 16 64 
0 2 8 4 
2 128 32 8 
0 4 8 2 
1272
2 8 16 64 
0 2 8 4 
2 128 32 8 
0 4 8 2 
1276
2 8 16 64 
0 2 8 4 
0 128 32 8 
4 4 8 2 
1284
2 8 16 64 
2 8 4 2 
128 32 8 0 
8 8 2 0 
1304
0 0 16 0 
4 16 4 2 
128 32 8 64 
8 8 2 2 
1324
16 2 0 0 
4 16 4 2 
128 32 8 64 
16 4 0 0 
1324
0 0 16 2 
4 16 4 2 
128 32 8 64 
0 2 16 4 
1328
2 0 16 0 
0 16 4 4 
4 32 8 64 
128 2 16 4 
1336
0 2 2 16 
0 0 16 8 
4 32 8 64 
128 2 16 4 
1340
0 0 4 16 
2 0 16 8 
4 32 8 64 
128 2 16 4 
1340
2 32 4 16 
4 2 16 8 
128 0 8 64 
0 2 16 4 
1344
2 0 4 16 
2 0 16 8 
4 32 8 64 
128 4 16 4 
1348
0 0 4 16 
4 2 16 8 
4 32 8 64 
128 4 16 4 
1356
2 0 4 16 
0 2 16 8 
8 32 8 64 
128 4 16 4 
1356
2 2 4 16 
8 32 16 8 
128 4 8 64 
2 0 16 4 
1360
2 4 4 16 
8 32 16 8 
128 4 8 64 
0 2 16 4 
1368
2 2 8 16 
8 32 16 8 
128 4 8 64 
0 2 16 4 
1372
4 8 16 0 
8 32 16 8 
128 4 8 64 
2 16 4 2 
1404
4 8 2 0 
8 32 32 8 
128 4 8 64 
2 16 4 2 
1468
0 4 8 2 
2 8 64 8 
128 4 8 64 
2 16 4 2 
1468
2 4 8 2 
2 8 64 8 
128 4 8 64 
2 16 4 2 
1472
4 4 8 2 
128 8 64 8 
2 4 8 64 
2 16 4 2 
1480
2 8 8 2 
128 8 64 8 
2 4 8 64 
2 16 4 2 
1500
2 16 8 2 
128 4 64 8 
4 16 8 64 
0 2 4 2 
1500
2 16 8 2 
2 4 64 8 
128 16 8 64 
4 2 4 2 
1504
4 16 8 2 
128 4 64 8 
4 16 8 64 
2 2 4 2 
1508
4 16 8 2 
128 4 64 8 
4 16 8 64 
2 4 4 2 
1516
4 16 8 2 
128 4 64 8 
4 16 8 64 
2 8 2 2 
1520
4 16 8 2 
128 4 64 8 
4 16 8 64 
2 2 8 4 
1536
4 16 2 2 
128 4 8 8 
4 16 64 64 
2 2 16 4 
1688
4 16 4 0 
128 4 16 2 
4 16 128 0 
4 16 4 0 
1728
4 16 4 2 
128 4 16 0 
8 32 128 0 
0 2 4 0 
1728
4 16 4 2 
128 4 16 0 
8 32 128 0 
2 4 4 0 
1736
4 16 4 2 
0 128 4 16 
2 8 32 128 
0 0 2 8 
1744
4 0 0 2 
0 16 8 16 
4 128 32 128 
2 8 2 8 
1752
0 0 0 2 
2 16 8 16 
8 128 32 128 
2 8 2 8 
1752
2 0 0 2 
2 16 8 16 
8 128 32 128 
2 8 2 8 
1756
4 16 8 2 
8 128 32 16 
2 8 2 128 
2 0 0 8 
1760
4 16 8 2 
8 128 32 16 
4 8 2 128 
0 2 0 8 
1760
2 16 0 2 
4 128 8 16 
8 8 32 128 
4 2 2 8 
1780
2 16 2 0 
4 128 8 16 
16 32 128 2 
4 4 8 0 
1788
0 2 16 2 
4 128 8 16 
16 32 128 2 
0 4 8 8 
1804
0 2 16 2 
4 128 8 16 
16 32 128 2 
2 0 4 16 
1804
2 0 16 2 
4 2 8 16 
16 128 128 2 
2 32 4 16 
2060
2 2 16 2 
4 2 8 16 
0 16 256 2 
2 32 4 16 
2064
2 0 16 2 
2 4 8 16 
4 16 256 2 
2 32 4 16 
2068
4 4 16 2 
4 16 8 16 
2 32 256 2 
2 0 4 16 
2080
0 0 16 2 
2 4 8 16 
8 16 256 2 
4 32 4 16 
2080
0 2 16 2 
2 4 8 16 
8 16 256 2 
4 32 4 16 
2080
2 2 16 2 
2 4 8 16 
8 16 256 2 
4 32 4 16 
2084
2 4 16 2 
2 4 8 16 
8 16 256 2 
4 32 4 16 
2096
0 2 16 2 
4 8 8 16 
8 16 256 2 
4 32 4 16 
2112
2 16 2 2 
4 16 16 0 
8 16 256 2 
4 32 4 16 
2148
2 16 4 2 
4 32 0 0 
8 16 256 2 
4 32 4 16 
2152
2 16 4 4 
4 32 256 16 
8 16 4 0 
4 32 0 2 
2160
0 2 16 8 
4 32 256 16 
0 8 16 4 
4 4 32 2 
2168
2 16 8 2 
4 32 256 16 
8 16 4 0 
8 32 2 0 
2184
2 16 8 2 
4 32 256 16 
16 16 4 0 
2 32 2 0 
2216
2 16 8 2 
4 32 256 16 
0 0 32 4 
2 2 32 2 
2280
2 16 8 2 
4 32 256 16 
2 2 64 4 
2 0 0 2 
2288
2 16 8 2 
4 32 256 16 
4 64 4 0 
4 0 0 2 
2296
2 16 8 2 
8 32 256 16 
4 64 4 2 
0 0 0 4 
2296
2 0 0 2 
2 16 8 16 
8 32 256 2 
4 64 4 4 
2308
2 0 0 4 
2 16 8 16 
8 32 256 2 
0 4 64 8 
2312
4 16 8 4 
8 32 256 16 
0 4 64 2 
0 2 0 8 
2312
4 16 8 4 
8 32 256 16 
0 4 64 2 
0 2 2 8 
2316
4 16 8 4 
8 32 256 16 
2 4 64 2 
0 0 4 8 
2316
4 16 8 4 
8 32 256 16 
2 4 64 2 
4 8 0 2 
2320
4 16 0 4 
8 32 8 4 
2 4 256 16 
4 8 64 4 
2328
4 16 2 0 
8 32 8 8 
2 4 256 16 
4 8 64 4 
2344
4 16 2 0 
8 32 16 2 
2 4 256 16 
4 8 64 4 
2344
4 16 2 2 
8 32 16 2 
2 4 256 16 
4 8 64 4 
2348
4 16 2 4 
8 32 16 16 
2 4 256 4 
4 8 64 2 
2380
4 16 2 4 
8 32 32 2 
2 4 256 4 
4 8 64 2 
2444
4 16 2 4 
2 8 64 2 
2 4 256 4 
4 8 64 2 
2448
2 16 2 4 
4 8 64 2 
4 4 256 4 
4 8 64 2 
2456
2 16 2 4 
2 8 64 2 
4 4 256 4 
8 8 64 2 
2480
2 16 2 4 
2 8 64 2 
2 8 256 4 
0 16 64 2 
2500
0 2 2 4 
0 16 64 2 
2 16 256 4 
4 16 64 2 
2532
2 2 2 4 
4 32 64 2 
2 16 256 4 
0 0 64 2 
2536
2 2 4 4 
4 32 64 2 
2 16 256 4 
0 0 64 2 
2548
0 4 4 8 
4 32 64 2 
2 16 256 4 
0 0 64 2 
2556
8 8 0 0 
4 32 64 2 
2 16 256 4 
64 2 2 0 
2576
16 0 4 0 
4 32 64 2 
2 16 256 4 
64 4 0 0 
2576
16 32 4 2 
4 16 64 4 
2 4 256 0 
64 2 0 0 
2576
16 32 4 2 
4 16 64 4 
2 2 4 256 
0 0 64 2 
2580
16 32 4 2 
4 16 64 4 
4 4 256 0 
64 2 2 0 
2592
16 32 4 2 
4 16 64 4 
8 256 0 0 
64 4 0 2 
2592
16 32 4 2 
4 16 64 4 
0 2 8 256 
0 64 4 2 
2592
16 32 4 2 
4 16 64 4 
2 2 8 256 
0 64 4 2 
2596
16 32 4 2 
4 16 64 4 
4 8 256 2 
64 4 2 0 
2604
16 32 4 2 
8 16 64 4 
64 8 256 2 
0 4 2 2 
2608
16 32 4 2 
8 16 64 4 
64 8 256 2 
4 4 2 0 
2616
16 32 4 2 
8 16 64 4 
64 8 256 2 
8 2 0 2 
2620
16 32 2 0 
8 16 4 2 
64 8 64 4 
8 2 256 4 
2628
16 32 2 0 
8 16 4 2 
64 8 64 2 
8 2 256 8 
2632
16 32 2 0 
8 16 4 2 
64 8 64 4 
8 2 256 8 
2632
2 16 32 2 
8 16 4 2 
64 8 64 4 
8 2 256 8 
2668
2 32 32 4 
8 8 4 4 
64 2 64 8 
8 4 256 0 
2756
2 64 4 2 
16 8 0 0 
64 2 64 8 
8 4 256 0 
2756
2 64 4 2 
0 2 16 8 
64 2 64 8 
0 8 4 256 
2776
2 0 4 0 
0 64 16 2 
2 4 64 16 
64 8 4 256 
2780
4 64 4 2 
64 4 16 16 
0 8 64 256 
2 0 4 0 
2812
4 64 4 2 
0 64 4 32 
0 8 64 256 
2 0 2 4 
2948
0 0 2 2 
0 0 8 32 
4 128 64 256 
2 8 2 4 
2952
4 0 0 0 
8 32 2 0 
4 128 64 256 
2 8 2 4 
2952
4 0 0 2 
8 32 2 0 
4 128 64 256 
2 8 2 4 
2952
4 0 0 2 
8 32 2 2 
4 128 64 256 
2 8 2 4 
2956
4 0 2 0 
8 32 2 4 
4 128 64 256 
2 8 2 4 
2960
4 0 2 0 
8 32 4 4 
4 128 64 256 
2 8 2 4 
2968
0 2 4 2 
0 8 32 8 
4 128 64 256 
2 8 2 4 
2968
4 2 4 2 
2 8 32 8 
2 128 64 256 
0 8 2 4 
2972
2 2 4 2 
0 8 32 8 
4 128 64 256 
4 8 2 4 
2980
2 2 4 2 
8 8 32 8 
4 128 64 256 
0 8 2 4 
3000
4 4 2 0 
16 32 8 0 
4 128 64 256 
8 2 4 4 
3016
8 2 0 0 
16 32 8 0 
4 128 64 256 
8 2 8 2 
3016
2 0 8 2 
0 16 32 8 
4 128 64 256 
8 2 8 2 
3016
0 2 8 2 
2 16 32 8 
4 128 64 256 
8 2 8 2 
3016
2 2 8 2 
2 16 32 8 
4 128 64 256 
8 2 8 2 
3020
4 8 2 2 
2 16 32 8 
4 128 64 256 
8 2 8 2 
3024
4 4 8 4 
2 16 32 8 
4 128 64 256 
8 2 8 2 
3032
8 8 4 2 
2 16 32 8 
4 128 64 256 
8 2 8 2 
3048
2 16 4 2 
2 16 32 8 
4 128 64 256 
8 2 8 2 
3084
4 32 4 2 
4 128 32 8 
8 2 64 256 
2 0 8 2 
3092
8 32 4 2 
8 128 32 8 
2 2 64 256 
0 2 8 2 
3112
0 2 4 2 
0 32 32 8 
16 128 64 256 
2 4 8 2 
3176
2 2 4 2 
0 0 64 8 
16 128 64 256 
2 4 8 2 
3304
2 2 4 2 
16 128 128 8 
2 4 8 256 
2 0 0 2 
3568
4 4 2 0 
16 256 8 0 
2 4 8 256 
4 2 0 0 
3584
4 4 0 0 
16 256 0 0 
2 4 2 2 
4 2 16 256 
3596
0 0 0 8 
2 0 16 256 
0 2 4 4 
4 2 16 256 
3604
0 0 0 8 
2 2 16 256 
0 0 2 8 
4 2 16 256 
3608
8 2 0 0 
4 16 256 0 
2 8 0 0 
4 2 16 256 
3608
8 2 2 0 
4 16 0 0 
2 8 256 0 
4 2 16 256 
3612
8 4 0 2 
4 16 0 0 
2 8 256 0 
4 2 16 256 
3612
8 4 256 2 
4 16 16 256 
2 8 2 0 
4 2 0 0 
3644
8 4 256 2 
4 32 256 0 
2 8 2 0 
4 2 2 0 
4160
8 4 512 2 
4 32 4 0 
2 8 0 2 
4 2 0 0 
4164
8 4 512 4 
4 32 4 0 
2 8 0 0 
4 2 2 0 
4168
8 4 512 4 
4 32 4 0 
2 8 0 0 
4 4 2 0 
4176
8 4 512 4 
4 32 4 0 
2 8 0 0 
8 2 2 0 
4180
8 4 512 4 
4 32 4 0 
2 8 0 2 
8 4 0 0 
4180
8 4 512 4 
0 4 32 4 
0 2 8 2 
2 0 8 4 
4212
8 8 512 8 
2 2 32 2 
0 0 16 4 
0 0 0 2 
4232
16 512 8 2 
4 32 2 0 
16 4 0 0 
2 0 0 0 
4232
16 512 8 2 
4 32 2 0 
16 4 4 0 
2 0 0 0 
4240
16 512 8 2 
4 32 2 2 
16 8 0 0 
2 0 0 0 
4244
16 512 8 2 
4 32 4 0 
16 8 0 2 
2 0 0 0 
4248
16 0 0 0 
4 512 0 0 
16 32 8 2 
2 8 4 4 
4256
16 2 0 0 
4 512 0 0 
16 32 8 2 
2 8 8 0 
4272
16 2 2 0 
4 512 0 0 
16 32 0 0 
2 8 16 2 
4276
16 4 0 0 
4 512 0 0 
16 32 0 2 
2 8 16 2 
4280
16 4 0 0 
4 512 0 0 
16 32 2 0 
2 8 16 4 
4280
16 4 0 0 
4 512 0 0 
16 32 2 2 
2 8 16 4 
4284
16 4 2 0 
4 512 0 0 
16 32 4 0 
2 8 16 4 
4284
16 4 2 0 
4 512 0 0 
16 32 4 2 
2 8 16 4 
4284
16 4 2 4 
4 512 0 0 
16 32 4 2 
2 8 16 4 
4284
16 4 2 0 
4 512 2 4 
16 32 4 2 
2 8 16 4 
4288
16 4 4 4 
4 512 4 2 
16 32 16 4 
2 8 0 2 
4296
0 16 4 8 
4 512 4 2 
16 32 16 4 
2 2 8 2 
4304
0 16 2 8 
4 512 8 2 
16 32 16 4 
2 2 8 2 
4308
16 2 8 2 
4 512 8 2 
16 32 16 4 
4 8 2 0 
4328
16 2 0 0 
4 512 16 2 
16 32 16 4 
4 8 2 4 
4368
16 2 2 0 
4 512 0 0 
16 32 32 2 
4 8 2 8 
4436
0 0 16 4 
2 0 4 512 
0 16 64 2 
4 8 2 8 
4436
0 0 16 4 
2 0 4 512 
2 16 64 2 
4 8 2 8 
4440
4 16 16 4 
4 8 4 512 
0 0 64 2 
2 0 2 8 
4476
0 4 32 4 
4 8 4 512 
0 0 64 2 
2 0 4 8 
4476
0 2 32 4 
0 0 4 512 
4 4 64 2 
2 8 4 8 
4484
4 2 32 4 
0 0 4 512 
0 8 64 2 
2 8 4 8 
4500
0 2 32 4 
0 0 4 512 
4 2 64 2 
2 16 4 8 
4504
4 4 32 4 
2 16 4 512 
0 2 64 2 
0 0 4 8 
4512
8 32 4 2 
2 16 4 512 
2 64 2 0 
4 8 0 0 
4524
8 32 8 2 
4 16 2 512 
4 64 2 0 
0 8 0 0 
4536
0 32 0 0 
0 16 0 2 
8 64 8 2 
8 8 4 512 
4556
16 32 8 4 
0 16 4 512 
0 64 0 0 
0 8 2 0 
4556
0 32 0 0 
2 16 8 0 
0 64 4 4 
16 8 2 512 
4564
0 0 0 32 
2 2 16 8 
0 0 64 8 
16 8 2 512 
4580
0 0 0 2 
0 0 16 32 
2 2 64 16 
16 8 2 512 
4584
2 0 0 2 
0 0 16 32 
0 4 64 16 
16 8 2 512 
4588
2 0 0 4 
0 0 16 32 
0 4 64 16 
16 8 2 512 
4588
2 4 0 2 
16 32 0 0 
4 64 16 0 
16 8 2 512 
4588
2 4 2 0 
16 32 0 2 
4 64 16 0 
16 8 2 512 
4588
2 4 2 2 
16 32 2 0 
4 64 16 0 
16 8 2 512 
4592
2 4 4 2 
16 32 16 512 
4 64 2 2 
16 8 0 0 
4604
0 2 8 2 
16 32 16 512 
0 4 64 4 
0 2 16 8 
4604
16 2 8 2 
0 32 16 512 
2 4 64 4 
0 2 16 8 
4604
16 2 8 2 
2 32 16 512 
2 4 64 4 
0 2 16 8 
4608
16 2 8 2 
4 32 16 512 
2 4 64 4 
0 2 16 8 
4608
16 2 8 2 
4 32 16 512 
2 4 64 4 
2 2 16 8 
4612
16 2 8 2 
4 32 16 512 
4 4 64 4 
2 2 16 8 
4624
16 2 8 2 
4 32 16 512 
8 64 4 0 
4 16 8 2 
4624
16 2 8 2 
4 32 16 512 
8 64 4 2 
4 16 8 2 
4628
16 2 8 2 
4 32 16 2 
8 64 4 512 
4 16 8 4 
4632
16 2 8 4 
4 32 16 512 
8 64 4 4 
4 16 8 2 
4640
16 2 8 4 
4 32 16 512 
2 8 64 8 
4 16 8 2 
